490217893
570060128
919087726
577232024
546473125
378352300
565200595
376413870
376183339
435539858
435138734
481623941
522826277
469863705
442879358
552602056
413936865
364894352
586328581
378009553
924620788
408490162
875063456
303490844
467329677
510301841
440637724
294858049
435588892
334325516
415071093
303153532
464352883
477618130
362042422
480883488
323887414
332510494
390058619
569631758
543545550
668692393
613398383
973741088
538407602
504187381
535112628
427540962
385497068
318592730
536371867
297942237
411766326
412496588
474207297
345542655
502635374
818709874
543851593
450408442
722910739
569632660
523540409
444722625
911115712
361264754
586100697
576395411
313895919
385758163
469234810
515890480
302881372
509771809
465268793
429865406
525811595
295430577
416326981
450482382
422572351
381342267
540872054
512651258
409947305
293165776
707189889
403199818
719219382
284943090
378668742
653517540
452584114
472936700
439929489
445708245
408770902
736535961
633956731
829587759
444873616
806223188
292412367
463469532
554102317
542406394
526934974
440734561
331399332
603393402
439424555
959883039
449564960
804360921
389359495
400367302
321568349
430649829
513850893
327433185
285035416
530703273
780172278
415895632
407204621
438688984
463471155
484422403
361753588
509547477
409619991
604715759
286531709
502026679
441001315
424151065
562413829
521640648
491771721
591916501
588868907
543483887
635603974
442415567
579962583
415899024
379968583
330482882
554622105
444688076
410634595
310642448
302689971
536476423
563513035
493941470
412050327
426382105
478986342
422125323
925134465
505155771
505858403
617098629
406611368
582725370
570772231
665811972
485327896
408873050
404990064
529563132
327775054
531836505
503851561
472689459
475263770
575215183
318082149
414830310
522300270
400273783
461659980
492885924
681495114
321202730
561371952
797535508
371338715
635966718
479845845
467415882
494140836
389159102
428847314
454950461
356169777
445259736
566054855
359188521
445334824
932828299
741575971
716707933
766149271
407838751
532105909
517582628
463193339
319052551
661878685
605542914
302386835
342128086
443158370
363705863
625614526
389584618
420472804
503708099
429092408
519896952
433199718
482452233
501211008
932511798
943869618
448700202
377785100
366879790
876942533
319656598
336689375
484570190
666465255
783577770
430537586
383990455
548898085
325230226
375380948
