102011932
883393043
454638411
490217893
284882215
447188370
389801252
544007664
284035177
363590051
368677368
585027354
324684580
103215397
962993853
967351793
429047995
310633997
944636116
284815942
333903271
979100082
101987545
835599320
648668184
357218860
375380948
549105915
336353151
304878510
297606951
429009175
295646461
102733989
893372761
422689480
359917414
323229106
872424895
284910350
945118056
102768888
896190819
855627886
284993459
995999703
457446957
547702041
769737983
924373886
290638154
535886823
530621395
317469184
421254504
656971078
529479190
922488002
898914367
512939461
888603652
100944251
918820076
468996152
553834731
981808048
543186831
880047117
298867247
584485870
376510438
911793120
327630330
953253202
103769750
952871251
509993510
414706506
836071680
331177714
512727332
282614216
507874739
994905763
577586159
592447445
103302067
305343404
352683833
503519713
708600202
863844475
842842640
910559026
100122969
850417475
309172177
470412147
972375808
972909677
