479516143
103054846
102862351
101835559
525818839
623592465
103015620
625334537
970416885
320606217
563718995
102314667
606310581
326912270
573116090
484090401
930026670
680170305
916365675
102993220
357828853
640364616
912536422
337021781
749133301
103184395
763692274
343200656
991018252
444844790
824305459
402370879
294934058
728293409
941143328
101983800
951627022
438314348
868692227
982354972
517329357
506462353
576588894
578448682
992051355
479662730
103465277
621013863
350642635
601467470
898164624
317904170
749100888
338057689
304871603
973482987
564874986
960128616
435913585
903183877
569632660
102217730
319881193
100501729
522626820
965096605
789356890
749057895
669198374
101058736
307727765
458225159
424912055
417817520
992872278
925494667
950812012
316025912
937236311
301387274
723795263
102450511
946434924
299110947
454086751
329670577
420859056
510461370
891194610
741671891
991357716
943869618
898568005
325683306
358055270
397951063
640381740
961390574
334989259
342548956
375380948
